  -.9143202E-02  -.1013676E-01  -.5284503E-02   .1891850E-02   .9457161E-03
   .1157098E-02   .1499044E-02   .1817026E-02   .1922153E-02   .1759970E-02
   .1495827E-02   .1349601E-02   .1361252E-02   .1388064E-02   .1298103E-02
   .1090089E-02   .9076217E-03   .9671520E-03   .1364304E-02   .1976599E-02
   .2519814E-02   .2659031E-02   .2257846E-02   .1502530E-02   .7758127E-03
   .4158138E-03   .3924245E-03   .3545506E-03   .8414599E-04  -.3672949E-03
  -.8882429E-03  -.1081707E-02  -.1833669E-03   .1776189E-02   .3475558E-02
   .3823540E-02   .3023229E-02   .1964925E-02   .1503379E-02   .2185990E-02
   .3813636E-02   .5183902E-02   .5035213E-02   .3342668E-02   .1078277E-02
  -.9304110E-03  -.2520129E-02  -.4032935E-02  -.5955020E-02  -.7828590E-02
  -.7369996E-02  -.2524432E-02   .5800572E-02   .1353372E-01   .1624286E-01
   .1322127E-01   .7622214E-02   .2797841E-02  -.1635301E-03  -.2223093E-02
  -.4758110E-02  -.7493205E-02  -.8260101E-02  -.6179910E-02  -.3250417E-02
  -.1133296E-02   .6190381E-03   .2230875E-02   .2987711E-02   .2771458E-02
   .2290249E-02   .2252387E-02   .2166583E-02  -.3357013E-04  -.5895712E-02
  -.1318052E-01  -.1558784E-01  -.8532509E-02   .6008153E-02   .2121290E-01
   .2910534E-01   .2570802E-01   .1460874E-01   .2781744E-02  -.5760984E-02
  -.1150802E-01  -.1707192E-01  -.2378592E-01  -.3057277E-01  -.3670528E-01
  -.3858961E-01  -.2287758E-01   .1147360E-01   .3674040E-01   .3156453E-01
   .4028197E-02  -.2618166E-01  -.4648516E-01  -.5703939E-01  -.5594818E-01
  -.2561765E-01   .3142920E-01   .7282169E-01   .6962191E-01   .3559156E-01
  -.4807640E-03  -.2209282E-01  -.3081861E-01  -.3171281E-01  -.1993070E-01
   .9590258E-02   .5042295E-01   .8483974E-01   .9225350E-01   .6824588E-01
   .2923211E-01  -.6057611E-02  -.3145131E-01  -.5205412E-01  -.6430998E-01
  -.4491038E-01   .1069755E-01   .6240464E-01   .7170326E-01   .4256358E-01
   .4202780E-02  -.2121740E-01  -.3096852E-01  -.3473442E-01  -.3777470E-01
  -.3312545E-01  -.1398164E-01   .1522269E-01   .3996429E-01   .4464341E-01
   .2704392E-01  -.2975152E-03  -.2412164E-01  -.4045017E-01  -.5203379E-01
  -.5619393E-01  -.4278957E-01  -.9117161E-02   .3289383E-01   .6214652E-01
   .6268006E-01   .3936515E-01   .1309604E-01   .1584735E-02   .7063141E-02
   .1933723E-01   .2597031E-01   .1912769E-01  -.5113070E-03  -.2453329E-01
  -.3915825E-01  -.3076643E-01  -.4769403E-03   .2961632E-01   .3561898E-01
   .1538488E-01  -.1465732E-01  -.3907767E-01  -.5381514E-01  -.5850176E-01
  -.4664822E-01  -.1463755E-01   .2689426E-01   .5519606E-01   .5201726E-01
   .2192827E-01  -.1460123E-01  -.4226883E-01  -.5960337E-01  -.7421280E-01
  -.8492295E-01  -.6871169E-01  -.1517184E-01   .4034558E-01   .5741268E-01
   .3664271E-01   .1146696E-01   .1271500E-01   .3515289E-01   .4596119E-01
   .2643487E-01  -.1453348E-01  -.5911939E-01  -.8620398E-01  -.6398488E-01
   .1960434E-01   .1152302E+00   .1513280E+00   .1122324E+00   .4008484E-01
  -.1981835E-01  -.5078101E-01  -.5535683E-01  -.3859912E-01  -.9252031E-02
   .1929017E-01   .3402150E-01   .2818282E-01   .8027563E-02  -.9511796E-02
  -.9436004E-02   .9304796E-02   .3540283E-01   .5433418E-01   .5485238E-01
   .3667009E-01   .1070441E-01  -.1163387E-01  -.2575800E-01  -.3336295E-01
  -.3276802E-01  -.1194381E-01   .2809159E-01   .5765003E-01   .5233284E-01
   .1964554E-01  -.1736417E-01  -.4051791E-01  -.4133953E-01  -.2580342E-01
  -.1256192E-01  -.1494377E-01  -.3030997E-01  -.4394658E-01  -.3909214E-01
  -.1175245E-01   .2192625E-01   .3838936E-01   .3120500E-01   .1562655E-01
   .8262951E-02   .1250957E-01   .1863995E-01   .1214736E-01  -.7874610E-02
  -.1245360E-01   .2707727E-01   .8680683E-01   .1140159E+00   .9174734E-01
   .4446848E-01   .2422165E-02  -.2203504E-01  -.3539693E-01  -.4623187E-01
  -.3858263E-01   .1394158E-01   .8944750E-01   .1277424E+00   .1053042E+00
   .5066815E-01   .1679973E-02  -.2545699E-01  -.3761998E-01  -.5002989E-01
  -.6034271E-01  -.4212991E-01   .7637935E-02   .4971441E-01   .5525884E-01
   .3792842E-01   .3127872E-01   .4627313E-01   .5941535E-01   .4751900E-01
   .1242097E-01  -.2972180E-01  -.6638957E-01  -.9599126E-01  -.1155747E+00
  -.1030053E+00  -.3581534E-01   .6713238E-01   .1418154E+00   .1345745E+00
   .5598831E-01  -.4039869E-01  -.1125056E+00  -.1411334E+00  -.1193504E+00
  -.6105317E-01  -.2756880E-02   .2249929E-01   .1265951E-01  -.7011701E-02
  -.1257014E-01   .6571653E-03   .2029531E-01   .2965869E-01   .2205139E-01
   .3593653E-02  -.1450919E-01  -.2121646E-01  -.1336059E-01  -.1700821E-02
   .9809927E-03  -.5231266E-02  -.6934173E-02   .3676869E-02   .1419529E-01
   .9977268E-02  -.8120829E-02  -.3028584E-01  -.4753665E-01  -.5322522E-01
  -.4489767E-01  -.2791507E-01  -.1084690E-01   .3287192E-02   .1854564E-01
   .3955994E-01   .6281720E-01   .7508134E-01   .6646887E-01   .4213368E-01
   .1488043E-01  -.5656025E-02  -.1040805E-01   .8457771E-02   .4676293E-01
   .8918460E-01   .1150431E+00   .1057215E+00   .6243768E-01   .6644625E-02
  -.4153337E-01  -.7705914E-01  -.1068516E+00  -.1400193E+00  -.1816907E+00
  -.2051736E+00  -.1412307E+00   .1203484E-01   .1331821E+00   .1259105E+00
   .1830397E-01  -.1048407E+00  -.1801276E+00  -.1856869E+00  -.1390329E+00
  -.8101936E-01  -.4303572E-01  -.2882840E-01  -.2349280E-01  -.1650587E-01
  -.1055275E-01  -.6959574E-02  -.1410500E-02   .7556492E-02   .1768152E-01
   .2663205E-01   .3343212E-01   .3615142E-01   .3223911E-01   .2262690E-01
   .1134550E-01   .1740729E-02  -.5301546E-02  -.1091821E-01  -.1692331E-01
  -.2390643E-01  -.2756490E-01  -.1973723E-01   .8157507E-03   .1995736E-01
   .2198824E-01   .1346439E-01   .1524027E-01   .3579920E-01   .6194078E-01
   .6921836E-01   .4608046E-01   .3615598E-02  -.3797830E-01  -.5742455E-01
  -.3900645E-01   .1246007E-01   .7156445E-01   .1062602E+00   .9762572E-01
   .5651364E-01   .1089606E-01  -.2078600E-01  -.3853328E-01  -.5270366E-01
  -.7267689E-01  -.9190016E-01  -.8478414E-01  -.3810711E-01   .2629568E-01
   .7296658E-01   .8047976E-01   .5044587E-01   .3333648E-02  -.3801902E-01
  -.5900029E-01  -.5363501E-01  -.2870561E-01  -.2441234E-02   .6045105E-02
  -.9907036E-02  -.3504119E-01  -.4280305E-01  -.2128653E-01   .1847959E-01
   .5467440E-01   .6707582E-01   .4977486E-01   .1589898E-01  -.1671118E-01
  -.3627412E-01  -.3093288E-01   .5120297E-03   .3092522E-01   .3049356E-01
  -.8576479E-03  -.4200257E-01  -.6597666E-01  -.4703921E-01   .1274865E-01
   .6935251E-01   .7842558E-01   .3961001E-01  -.1489672E-01  -.5723018E-01
  -.7126365E-01  -.4253430E-01   .2253193E-01   .8140107E-01   .9351685E-01
   .6076286E-01   .1500006E-01  -.1724783E-01  -.2821700E-01  -.2122210E-01
  -.4212585E-02   .1309657E-01   .2467368E-01   .2771343E-01   .1907184E-01
  -.4979142E-03  -.2433386E-01  -.4331617E-01  -.4668178E-01  -.2874928E-01
   .3215929E-02   .3127488E-01   .3650146E-01   .1454084E-01  -.2069709E-01
  -.5018426E-01  -.5990410E-01  -.4713775E-01  -.2240986E-01   .3908776E-03
   .1455589E-01   .1946803E-01   .1616900E-01   .8019738E-02  -.1799462E-04
  -.5224558E-02  -.7642044E-02  -.6757144E-02  -.1184003E-02   .7913433E-02
   .1589864E-01   .1779467E-01   .1280156E-01   .4639029E-02  -.1949137E-02
  -.2620992E-02   .4817713E-02   .1497137E-01   .1607820E-01   .2039547E-02
  -.2165757E-01  -.4466494E-01  -.5817104E-01  -.5578717E-01  -.3692548E-01
  -.9384748E-02   .1724195E-01   .3501056E-01   .3648549E-01   .2128136E-01
  -.1232924E-02  -.2101460E-01  -.3409111E-01  -.3881382E-01  -.3373984E-01
  -.2214788E-01  -.1230498E-01  -.9617234E-02  -.9237771E-02  -.2343931E-02
   .9518206E-02   .1316957E-01  -.4116247E-03  -.2656698E-01  -.5182983E-01
  -.6042727E-01  -.4438953E-01  -.1159756E-01   .1955708E-01   .3236444E-01
   .2326529E-01   .3262236E-02  -.1258002E-01  -.1260793E-01   .6811185E-02
   .3249919E-01   .3984695E-01   .1695107E-01  -.2534476E-01  -.5839135E-01
  -.4516856E-01   .2306579E-01   .9955535E-01   .1259781E+00   .9321235E-01
   .3634655E-01  -.8992248E-02  -.3165601E-01  -.4165882E-01  -.4757132E-01
  -.4136734E-01  -.1579485E-01   .1307926E-01   .1916552E-01  -.3933489E-02
  -.3900071E-01  -.5892570E-01  -.4345191E-01   .4541074E-02   .6043935E-01
   .9061434E-01   .7323123E-01   .1860808E-01  -.3765848E-01  -.6183231E-01
  -.4692426E-01  -.1345043E-01   .1420291E-01   .2562336E-01   .2132626E-01
   .5523240E-02  -.1343168E-01  -.2618586E-01  -.2892219E-01  -.2375304E-01
  -.1545731E-01  -.6595598E-02   .5008968E-02   .2100665E-01   .3445040E-01
   .3249840E-01   .1146302E-01  -.1904435E-01  -.4707963E-01  -.6232298E-01
  -.5652500E-01  -.3347210E-01  -.1185498E-01  -.6212762E-02  -.9088890E-02
  -.2521658E-02   .2046268E-01   .4937707E-01   .6162646E-01   .4137404E-01
  -.4851900E-02  -.5124114E-01  -.5940983E-01  -.7830374E-02   .6735632E-01
   .1020346E+00   .7513538E-01   .1685042E-01  -.3104905E-01  -.4470242E-01
  -.3003799E-01  -.1299842E-01  -.1152801E-01  -.1908228E-01  -.1814754E-01
  -.1417881E-02   .2531073E-01   .4742943E-01   .4691517E-01   .1804948E-01
  -.2526667E-01  -.6162642E-01  -.7771648E-01  -.6887968E-01  -.3113521E-01
   .2792337E-01   .8059537E-01   .1016511E+00   .8815201E-01   .5325597E-01
   .1392790E-01  -.1846459E-01  -.4351180E-01  -.6602093E-01  -.7715333E-01
  -.5226018E-01   .1523661E-01   .8867878E-01   .1150342E+00   .7844036E-01
   .1027189E-01  -.4619610E-01  -.6615927E-01  -.5466403E-01  -.3619387E-01
  -.2638838E-01  -.1792825E-01   .2429960E-02   .3602214E-01   .7059828E-01
   .8808797E-01   .7785171E-01   .4327044E-01  -.2548281E-02  -.4591125E-01
  -.7633931E-01  -.8723248E-01  -.7628715E-01  -.4053471E-01   .1430666E-01
   .6297422E-01   .8053446E-01   .6336669E-01   .2596749E-01  -.1270935E-01
  -.4211430E-01  -.6417612E-01  -.8054781E-01  -.7649676E-01  -.3488725E-01
   .3144529E-01   .8079811E-01   .8268445E-01   .4495445E-01  -.2129152E-02
  -.3596885E-01  -.5388853E-01  -.6426268E-01  -.7212156E-01  -.7306752E-01
  -.5743371E-01  -.2443564E-01   .7467725E-02   .1488920E-01  -.5992163E-02
  -.3591534E-01  -.4335085E-01  -.5509057E-02   .5840882E-01   .9304015E-01
   .6530694E-01  -.6453355E-02  -.7966206E-01  -.1150556E+00  -.9522100E-01
  -.3792906E-01   .2219077E-01   .6012729E-01   .6622970E-01   .4577013E-01
   .1337666E-01  -.1894071E-01  -.4345550E-01  -.4561419E-01  -.1005417E-01
   .5674822E-01   .1201705E+00   .1371086E+00   .9453965E-01   .2114735E-01
  -.4626744E-01  -.9270364E-01  -.1128457E+00  -.9033623E-01  -.1883559E-01
   .7453175E-01   .1399901E+00   .1417914E+00   .9154071E-01   .3118655E-01
  -.9216672E-02  -.2762949E-01  -.3932020E-01  -.5234389E-01  -.5353108E-01
  -.2863196E-01   .1210823E-01   .4324300E-01   .5098589E-01   .3732224E-01
   .8723823E-02  -.2617353E-01  -.5431390E-01  -.6270214E-01  -.4955307E-01
  -.2539088E-01  -.1881148E-02   .1596520E-01   .2645262E-01   .2526276E-01
   .1239896E-01   .8689782E-03   .6251152E-02   .2690205E-01   .4277193E-01
   .3700819E-01   .1169044E-01  -.1819563E-01  -.3707441E-01  -.3787244E-01
  -.2565886E-01  -.1461952E-01  -.2058501E-01  -.4049135E-01  -.4497415E-01
  -.1354516E-01   .3294362E-01   .5259224E-01   .2849972E-01  -.1986655E-01
  -.5908647E-01  -.6650325E-01  -.4507370E-01  -.1413303E-01   .1241765E-01
   .3328653E-01   .5158746E-01   .6135480E-01   .4823086E-01   .1455765E-01
  -.1272239E-01  -.1359946E-01   .6153188E-02   .3256424E-01   .5818545E-01
   .7553395E-01   .7352425E-01   .4985635E-01   .1738470E-01  -.4051273E-02
  -.3405835E-02   .1073306E-01   .2153023E-01   .1951510E-01   .2686033E-02
  -.2674195E-01  -.5966098E-01  -.7623559E-01  -.5728911E-01  -.5837292E-02
   .5609631E-01   .1027599E+00   .1112805E+00   .7755606E-01   .2309969E-01
  -.2626430E-01  -.6112753E-01  -.8134878E-01  -.7573285E-01  -.3091879E-01
   .3716011E-01   .8187297E-01   .6856744E-01   .8438338E-02  -.5561894E-01
  -.8272685E-01  -.6192264E-01  -.1664124E-01   .2228936E-01   .4216201E-01
   .4842461E-01   .4412308E-01   .2204226E-01  -.1147260E-01  -.3214396E-01
  -.2871496E-01  -.1309948E-01  -.1669740E-02  -.3131969E-03  -.2705591E-02
   .9762748E-03   .1474833E-01   .3422013E-01   .5278776E-01   .6904787E-01
   .7887260E-01   .6985356E-01   .3527470E-01  -.1509313E-01  -.5729807E-01
  -.6585856E-01  -.3687676E-01   .3998782E-02   .2553788E-01   .2075056E-01
   .7073709E-02   .1786020E-02   .5577402E-02   .7193314E-02  -.1579196E-02
  -.1753108E-01  -.2898054E-01  -.2668549E-01  -.1388462E-01  -.2404888E-02
   .2144225E-02   .5222413E-02   .1336511E-01   .2728092E-01   .3963799E-01
   .3606382E-01   .1018078E-01  -.2098686E-01  -.2982254E-01  -.1143212E-01
   .9819247E-02   .1067637E-01  -.9506204E-02  -.3677082E-01  -.5720341E-01
  -.6129345E-01  -.4566781E-01  -.1624547E-01   .1473001E-01   .3299956E-01
   .2813651E-01   .3460684E-02  -.2665254E-01  -.5087533E-01  -.6409933E-01
  -.6092998E-01  -.3925658E-01  -.6977726E-02   .2470431E-01   .4687574E-01
   .5128635E-01   .3653340E-01   .1243510E-01  -.9275182E-02  -.2429397E-01
  -.3570952E-01  -.4797571E-01  -.5755110E-01  -.5288717E-01  -.2937323E-01
   .4775417E-02   .3579961E-01   .4944273E-01   .3946350E-01   .1457256E-01
  -.1059058E-01  -.2750111E-01  -.3359291E-01  -.2905984E-01  -.1830833E-01
  -.7891891E-02  -.1158869E-02   .2949472E-02   .6508405E-02   .8492799E-02
   .5982445E-02  -.1056211E-02  -.8385974E-02  -.1128100E-01  -.9769659E-02
  -.7374618E-02  -.4665021E-02   .1571300E-02   .1291100E-01   .2310720E-01
   .1918537E-01  -.4916937E-02  -.4122520E-01  -.7335803E-01  -.8285075E-01
  -.6219268E-01  -.2325392E-01   .1504859E-01   .4070064E-01   .5157192E-01
   .5349166E-01   .5110271E-01   .4127831E-01   .2115572E-01  -.5449071E-02
  -.2693959E-01  -.2640969E-01   .2135198E-02   .3952183E-01   .5323862E-01
   .2882767E-01  -.1322323E-01  -.3561604E-01  -.1992787E-01   .2105009E-01
   .5674425E-01   .5565372E-01   .8351834E-02  -.4558438E-01  -.3940627E-01
   .2779355E-01   .7421847E-01   .4158872E-01  -.4157808E-01  -.1003927E+00
  -.9056455E-01  -.3116672E-01   .2588223E-01   .4369343E-01   .2691596E-01
   .6372370E-02   .1203428E-02   .3398070E-02  -.1888183E-02  -.1349547E-01
  -.1927185E-01  -.1380328E-01  -.1908968E-02   .9600924E-02   .1626388E-01
   .1420348E-01   .1823011E-02  -.1563886E-01  -.2840777E-01  -.3072326E-01
  -.2575955E-01  -.2080228E-01  -.1963261E-01  -.2055495E-01  -.1985415E-01
  -.1591053E-01  -.9793447E-02  -.3342102E-02   .2345577E-02   .7332766E-02
   .1214453E-01   .1491577E-01   .1095881E-01   .1054553E-02  -.4600288E-02
   .2241209E-02   .1606483E-01   .2001713E-01   .3357697E-02  -.2412413E-01
  -.4206766E-01  -.4169711E-01  -.3141471E-01  -.2300515E-01  -.1976249E-01
  -.1822502E-01  -.1517508E-01  -.1077542E-01  -.5910669E-02   .5264253E-03
   .8995474E-02   .1565770E-01   .1503232E-01   .8967884E-02   .7309827E-02
   .1655974E-01   .3162841E-01   .3824004E-01   .2581561E-01  -.2214252E-02
  -.3177236E-01  -.4588666E-01  -.3538812E-01  -.7305751E-02   .2213789E-01
   .3715170E-01   .2851386E-01   .6968620E-03  -.2981013E-01  -.4208756E-01
  -.2335579E-01   .1885466E-01   .6381456E-01   .9149708E-01   .9230223E-01
   .7382192E-01   .5297877E-01   .4015697E-01   .3283469E-01   .2249937E-01
   .4592147E-02  -.1895484E-01  -.3948220E-01  -.4481306E-01  -.3121770E-01
  -.7460783E-02   .1455489E-01   .2571776E-01   .2197358E-01   .7877412E-02
  -.7227635E-02  -.1763671E-01  -.2210479E-01  -.1939070E-01  -.8932367E-02
   .6011637E-02   .2082111E-01   .3269603E-01   .3932173E-01   .3875094E-01
   .3216399E-01   .2312552E-01   .1438212E-01   .7098251E-02   .1992617E-02
  -.9331122E-03  -.3302299E-02  -.6198446E-02  -.7056366E-02  -.1863121E-02
   .8966760E-02   .2032430E-01   .2703831E-01   .2616748E-01   .1785963E-01
   .5741595E-02  -.5951128E-02  -.1419961E-01  -.1636272E-01  -.1177413E-01
  -.4422393E-02  -.1785049E-02  -.8434558E-02  -.2185662E-01  -.3619968E-01
  -.4794115E-01  -.5053110E-01  -.2734771E-01   .2135259E-01   .5874241E-01
   .5313867E-01   .1249931E-01  -.3008213E-01  -.4293095E-01  -.1781004E-01
   .2295905E-01   .4523715E-01   .3374072E-01   .5460174E-03  -.3147857E-01
  -.4375831E-01  -.3103577E-01  -.3853612E-02   .2234277E-01   .3696535E-01
   .3435324E-01   .1604800E-01  -.8533650E-02  -.2964953E-01  -.3874993E-01
  -.2667467E-01   .6650891E-02   .4333878E-01   .5760477E-01   .3985288E-01
   .5174740E-02  -.2293582E-01  -.3159578E-01  -.2557125E-01  -.1958951E-01
  -.2160093E-01  -.2463636E-01  -.1847065E-01  -.2001873E-02   .1648087E-01
   .2484473E-01   .1745731E-01   .3132888E-03  -.1472103E-01  -.1838034E-01
  -.1093129E-01  -.9644051E-03   .3910658E-02   .2693614E-02  -.1039620E-02
  -.3524054E-02  -.3555424E-02  -.3762386E-02  -.8595461E-02  -.1964823E-01
  -.2924125E-01  -.2169028E-01   .4534758E-02   .2886530E-01   .3505018E-01
   .2652643E-01   .1661122E-01   .1576897E-01   .2305369E-01   .2700247E-01
   .1822782E-01  -.1646318E-02  -.2466645E-01  -.4259615E-01  -.4706620E-01
  -.3415118E-01  -.1009732E-01   .1439266E-01   .3367537E-01   .4651278E-01
   .4905415E-01   .3751919E-01   .1597159E-01  -.6953833E-02  -.2315614E-01
  -.2436438E-01  -.8638102E-02   .1149015E-01   .1923033E-01   .1074793E-01
  -.4954563E-02  -.1764595E-01  -.2179557E-01  -.1668864E-01  -.5738831E-02
   .6309720E-02   .1523592E-01   .1583990E-01   .4558730E-02  -.1549069E-01
  -.3607226E-01  -.4672036E-01  -.3950610E-01  -.1727620E-01   .8542007E-02
   .2394966E-01   .1646342E-01  -.1407418E-01  -.4777928E-01  -.5560093E-01
  -.2609188E-01   .1432305E-01   .1684035E-01  -.3304180E-01  -.9063385E-01
  -.1059439E+00  -.7463018E-01  -.2675919E-01   .8980456E-02   .2448281E-01
   .2910034E-01   .3593091E-01   .4899491E-01   .6047910E-01   .6164391E-01
   .5281099E-01   .4046069E-01   .3112056E-01   .2920522E-01   .3465562E-01
   .4257653E-01   .4792890E-01   .4884206E-01   .4622847E-01   .4261501E-01
   .4015320E-01   .3921276E-01   .3879482E-01   .3784998E-01   .3604761E-01
   .3367368E-01   .3103572E-01   .2823823E-01   .2541742E-01   .2299973E-01
   .1815830E-01   .5312566E-02  -.1036457E-01  -.1537132E-01  -.1075496E-01
  -.1300951E-01  -.2951573E-01  -.4677375E-01  -.4726000E-01  -.2887613E-01
  -.3179263E-02   .1597441E-01   .2027025E-01   .1168991E-01  -.5550274E-03
  -.8947598E-02  -.1097761E-01  -.6716193E-02  -.4403172E-03  -.5557210E-04
  -.8568381E-02  -.2175825E-01  -.3411261E-01  -.4316262E-01  -.4993337E-01
  -.5555692E-01  -.5672690E-01  -.4868765E-01  -.3251954E-01  -.1405157E-01
   .2786493E-02   .1557331E-01   .1772173E-01   .6584883E-02  -.7185296E-02
  -.1313897E-01  -.1214499E-01  -.9273661E-02  -.7003621E-02  -.5545862E-02
  -.4570349E-02  -.3572901E-02  -.2376337E-02  -.1493511E-02  -.1324792E-02
  -.1084435E-02   .9890989E-03   .4060070E-02   .8444555E-03  -.1124245E-01
  -.1928103E-01  -.1118112E-01   .8967609E-02   .2547250E-01   .2428567E-01
   .5369881E-02  -.1895440E-01  -.3399257E-01  -.3195339E-01  -.1731730E-01
  -.2713878E-02  -.3935142E-03  -.1384906E-01  -.3300545E-01  -.4174772E-01
  -.3327819E-01  -.1445155E-01   .3941387E-02   .1664613E-01   .2253575E-01
   .1576348E-01  -.7401622E-02  -.3191983E-01  -.3620540E-01  -.1726385E-01
   .1000755E-01   .2660252E-01   .2058738E-01  -.4643757E-02  -.3123659E-01
  -.3800023E-01  -.1727710E-01   .1878995E-01   .4732087E-01   .4962833E-01
   .2576984E-01  -.8074764E-02  -.3490345E-01  -.4244173E-01  -.2589781E-01
   .4602506E-02   .2862396E-01   .3307456E-01   .2185389E-01   .8415156E-02
   .3530710E-02   .9485145E-02   .2088715E-01   .2837621E-01   .2415013E-01
   .8222115E-02  -.1215054E-01  -.2736483E-01  -.2976367E-01  -.2006353E-01
  -.8434815E-02  -.4957182E-02  -.1088146E-01  -.2034904E-01  -.2704221E-01
  -.2834874E-01  -.2591820E-01  -.2310889E-01  -.2190750E-01  -.2218006E-01
  -.1992538E-01  -.6004517E-02   .1833129E-01   .3088492E-01   .1390939E-01
  -.2072592E-01  -.4285917E-01  -.3543165E-01  -.7099347E-02   .2251727E-01
   .3837282E-01   .3627116E-01   .2335343E-01   .1086708E-01   .5596741E-02
   .7928083E-02   .1396245E-01   .1891191E-01   .2004394E-01   .1690115E-01
   .1058915E-01   .3280660E-02  -.2809839E-02  -.5945013E-02  -.6026095E-02
  -.5101006E-02  -.4567000E-02  -.4012805E-02  -.1823716E-02   .4779712E-02
   .1702860E-01   .3036408E-01   .3540986E-01   .2706475E-01   .9934001E-02
  -.8222139E-02  -.2443774E-01  -.3995474E-01  -.5166184E-01  -.4980826E-01
  -.3022092E-01  -.1358964E-02   .2234816E-01   .3074887E-01   .2521963E-01
   .1531852E-01   .9252522E-02   .9983175E-02   .1600086E-01   .2119524E-01
   .1790560E-01   .4257349E-02  -.1451603E-01  -.3227652E-01  -.4676877E-01
  -.5266537E-01  -.3570993E-01   .6678589E-02   .4637229E-01   .4995093E-01
   .1543815E-01  -.3263336E-01  -.6659399E-01  -.6787039E-01  -.3771840E-01
   .3805706E-02   .3312006E-01   .3695782E-01   .1988399E-01  -.1999626E-02
  -.1570161E-01  -.1839576E-01  -.1422931E-01  -.7632274E-02  -.9142594E-03
   .4210488E-02   .6404691E-02   .6905404E-02   .9371808E-02   .1566843E-01
   .2312473E-01   .2733735E-01   .2691546E-01   .2408789E-01   .2160584E-01
   .1869526E-01   .1075830E-01  -.2717632E-02  -.1322921E-01  -.1224007E-01
  -.9195208E-03   .1170132E-01   .1682402E-01   .1251344E-01   .3894276E-02
  -.2630657E-02  -.4593673E-02  -.3914980E-02  -.3174700E-02  -.9046634E-03
   .7113658E-02   .2114788E-01   .3539604E-01   .4349828E-01   .4469057E-01
   .4312739E-01   .4297594E-01   .4532984E-01   .4884866E-01   .5179306E-01
   .5002941E-01   .3427895E-01   .3843826E-02  -.2212615E-01  -.2696293E-01
  -.1478049E-01   .1153738E-03   .7010698E-02   .5726716E-02   .4032667E-02
   .6823532E-02   .1125676E-01   .1224316E-01   .8612518E-02   .4548929E-02
   .6799218E-02   .1661312E-01   .2797205E-01   .3436011E-01   .3156503E-01
   .2092759E-01   .9446016E-02   .2425866E-02  -.1130205E-03  -.1471290E-02
  -.6840809E-02  -.1946110E-01  -.3293393E-01  -.3509416E-01  -.2237479E-01
  -.2189586E-02   .1672417E-01   .2848319E-01   .2853934E-01   .1663732E-01
  -.9056890E-03  -.1445066E-01  -.1706823E-01  -.1041638E-01  -.2326270E-02
   .8628931E-03  -.2016932E-02  -.7903477E-02  -.1254231E-01  -.1335786E-01
  -.1121837E-01  -.9644669E-02  -.1030069E-01  -.1061851E-01  -.7784261E-02
  -.2114186E-02   .2836449E-02   .2545645E-02  -.4082721E-02  -.1386350E-01
  -.2234417E-01  -.2577904E-01  -.2261425E-01  -.1319669E-01   .2648679E-03
   .1022616E-01   .8407786E-02  -.4446887E-02  -.2022429E-01  -.3088656E-01
  -.3213634E-01  -.2496992E-01  -.1390238E-01  -.2261475E-02   .9890190E-02
   .2243748E-01   .3040205E-01   .2717964E-01   .1360974E-01  -.1551585E-02
  -.1068701E-01  -.1389117E-01  -.1564463E-01  -.1825687E-01  -.2133847E-01
  -.2346647E-01  -.2266774E-01  -.1827683E-01  -.1215089E-01  -.8144733E-02
  -.9861733E-02  -.1554999E-01  -.1797591E-01  -.1242647E-01  -.9211225E-03
   .1153286E-01   .2031424E-01   .2187435E-01   .1599153E-01   .6312824E-02
  -.3069032E-02  -.8179058E-02  -.5183808E-02   .4424462E-02   .1302209E-01
   .1491118E-01   .1134538E-01   .7544443E-02   .7173264E-02   .8696506E-02
   .7649511E-02   .2129772E-02  -.6256491E-02  -.1355558E-01  -.1505799E-01
  -.9601384E-02  -.6088838E-03   .7992480E-02   .1470587E-01   .1804341E-01
   .1405959E-01   .8688931E-03  -.1701471E-01  -.3082087E-01  -.3230305E-01
  -.1926694E-01   .2263529E-02   .2235020E-01   .3241249E-01   .3001775E-01
   .2078507E-01   .1239362E-01   .7435128E-02   .1807566E-02  -.8622285E-02
  -.1853040E-01  -.1935151E-01  -.1289458E-01  -.8058147E-02  -.9541821E-02
  -.1552908E-01  -.2176631E-01  -.2396785E-01  -.1903056E-01  -.8057067E-02
   .3598707E-02   .1129699E-01   .1445441E-01   .1464774E-01   .1367597E-01
   .1288615E-01   .1171375E-01   .8661529E-02   .4091008E-02   .7029181E-03
   .8398569E-03   .4019364E-02   .7091504E-02   .6940457E-02   .4100854E-02
   .1535415E-02  -.1363045E-02  -.8051422E-02  -.1548897E-01  -.1524298E-01
  -.5098278E-02   .9513591E-02   .1901760E-01   .1243215E-01  -.9872057E-02
  -.3204130E-01  -.3888636E-01  -.2904435E-01  -.1406089E-01  -.5558779E-02
  -.5302876E-02  -.9312863E-02  -.1401119E-01  -.1734975E-01  -.1876768E-01
  -.1805938E-01  -.1445778E-01  -.9043531E-02  -.4618188E-02  -.1402055E-02
   .3035368E-02   .1003347E-01   .1767142E-01   .2172945E-01   .2043126E-01
   .1634508E-01   .8783165E-02  -.5093587E-02  -.1941134E-01  -.2586762E-01
  -.2364373E-01  -.1603042E-01  -.4550840E-02   .9459910E-02   .1947880E-01
   .1938754E-01   .1129239E-01   .2789598E-02   .5719752E-03   .5966780E-02
   .1506304E-01   .2311850E-01   .2673194E-01   .2339511E-01   .1342828E-01
   .9185265E-03  -.9295674E-02  -.1481837E-01  -.1690685E-01  -.1827241E-01
  -.1913509E-01  -.1653329E-01  -.8748122E-02   .1084788E-02   .8523618E-02
   .1210617E-01   .1308210E-01   .1390365E-01   .1477043E-01   .1185128E-01
   .3235343E-02  -.5556309E-02  -.6734858E-02   .8633870E-03   .1195133E-01
   .2136533E-01   .2617397E-01   .2389597E-01   .1430612E-01   .1099537E-02
  -.1090254E-01  -.1664284E-01  -.1193090E-01   .1828706E-02   .1686037E-01
   .2530614E-01   .2402800E-01   .1263117E-01  -.6910618E-02  -.2917522E-01
  -.4648152E-01  -.5181608E-01  -.4233962E-01  -.1971533E-01   .5891822E-02
   .1886053E-01   .1454579E-01   .2491804E-02  -.5234646E-02  -.3041376E-02
   .6389430E-02   .1669770E-01   .2346431E-01   .2548978E-01   .2328785E-01
   .1870964E-01   .1442762E-01   .9843187E-02   .1510424E-02  -.6849760E-02
  -.5593518E-02   .7400342E-02   .2479375E-01   .3630227E-01   .3556448E-01
   .2615420E-01   .1733326E-01   .1375780E-01   .1331782E-01   .1123840E-01
   .9643658E-03  -.2007689E-01  -.4234693E-01  -.5316735E-01  -.4958389E-01
  -.3658083E-01  -.2019107E-01  -.5783703E-02   .2449613E-02   .4079569E-02
   .2232154E-02   .1029662E-02   .4360190E-02   .1150380E-01   .1471849E-01
   .8222227E-02  -.5504269E-02  -.1819774E-01  -.2015888E-01  -.7890518E-02
   .1009407E-01   .1883090E-01   .1239180E-01   .2785424E-02   .3850135E-02
   .1128991E-01   .1238915E-01   .3187510E-02  -.1043494E-01  -.1687081E-01
  -.6967055E-02   .1442572E-01   .3011785E-01   .2784950E-01   .1099791E-01
  -.8745081E-02  -.2332852E-01  -.3225060E-01  -.3611799E-01  -.3058918E-01
  -.1283069E-01   .1025463E-01   .2365946E-01   .1630171E-01  -.7240088E-02
  -.2932238E-01  -.3332945E-01  -.1728117E-01   .7255394E-02   .2729067E-01
   .3447330E-01   .2691937E-01   .1087282E-01  -.4390071E-02  -.1306390E-01
  -.1394495E-01  -.9927441E-02  -.5806125E-02  -.4610183E-02  -.5308002E-02
  -.4276083E-02  -.7509570E-03   .2098890E-02   .2181106E-02   .3437333E-03
  -.1639186E-02  -.2351846E-02  -.1082679E-02   .1786293E-02   .5082514E-02
   .7892091E-02   .9834319E-02   .1066922E-01   .1034579E-01   .8994838E-02
   .6675027E-02   .3968712E-02   .3282301E-02   .7560914E-02   .1661622E-01
   .2623488E-01   .3145409E-01   .3097090E-01   .2375216E-01   .6352303E-02
  -.1503666E-01  -.2493113E-01  -.1785247E-01  -.2256038E-02   .1006956E-01
   .1086855E-01  -.7226470E-03  -.1800479E-01  -.3081727E-01  -.3098655E-01
  -.1845541E-01  -.9320880E-03   .1261693E-01   .1640345E-01   .1069202E-01
   .1553799E-02  -.4557022E-02  -.5586733E-02  -.4121504E-02  -.4305348E-02
  -.6806935E-02  -.8234966E-02  -.7131282E-02  -.5646248E-02  -.5194872E-02
  -.4795871E-02  -.2733003E-02   .2140834E-02   .8641823E-02   .1168527E-01
   .6224706E-02  -.6429895E-02  -.1754833E-01  -.1715712E-01  -.3345680E-02
   .1606711E-01   .2899395E-01   .2650250E-01   .1003326E-01  -.9086522E-02
  -.1762616E-01  -.1101159E-01   .2708323E-02   .1228892E-01   .1263068E-01
   .4640690E-02  -.7474072E-02  -.1754352E-01  -.1777419E-01  -.4911430E-02
   .1131003E-01   .1627947E-01   .6892665E-02  -.8679856E-02  -.2106451E-01
  -.2407096E-01  -.1668314E-01  -.4194163E-02   .5243748E-02   .7843138E-02
   .7276389E-02   .8551918E-02   .1393271E-01   .2364813E-01   .3011576E-01
   .2100652E-01  -.4641411E-02  -.3310271E-01  -.4774782E-01  -.4276589E-01
  -.2688136E-01  -.1287325E-01  -.6499929E-02  -.6021918E-02  -.7826214E-02
  -.9906518E-02  -.1146862E-01  -.1140052E-01  -.9304518E-02  -.6596439E-02
  -.4018361E-02  -.8923777E-03   .2675762E-02   .5509165E-02   .6984425E-02
   .7819765E-02   .9428087E-02   .1270142E-01   .1717194E-01   .2111288E-01
   .2284871E-01   .2235719E-01   .2100387E-01   .2004869E-01   .1984065E-01
   .1877597E-01   .1120303E-01  -.6416640E-02  -.2352901E-01  -.2353063E-01
  -.4160223E-02   .1950832E-01   .2962179E-01   .2233637E-01   .7707886E-02
  -.5308202E-02  -.1573096E-01  -.2409477E-01  -.2453975E-01  -.9418446E-02
   .1825376E-01   .4183830E-01   .4357703E-01   .2173245E-01  -.7868278E-02
  -.2581908E-01  -.2416582E-01  -.1023509E-01   .3497538E-02   .1009812E-01
   .8514293E-02  -.7696033E-03  -.1556725E-01  -.3122084E-01  -.4146100E-01
  -.4076011E-01  -.2970493E-01  -.1503439E-01  -.2791375E-02   .5133816E-02
   .7947161E-02   .4796107E-02  -.2074146E-02  -.8428586E-02  -.1226107E-01
  -.1374634E-01  -.1269363E-01  -.9382045E-02  -.6107050E-02  -.4330222E-02
  -.1723476E-02   .5716604E-02   .1868708E-01   .3149734E-01   .3531295E-01
   .2706600E-01   .1222574E-01  -.1957337E-02  -.1187117E-01  -.1615217E-01
  -.1402943E-01  -.7739339E-02  -.2216152E-02  -.7442867E-03  -.2597171E-02
  -.4565936E-02  -.4697854E-02  -.4404340E-02  -.6222930E-02  -.1075742E-01
  -.1620791E-01  -.1888993E-01  -.1544025E-01  -.6357762E-02   .4634089E-02
   .1393048E-01   .1770225E-01   .1227087E-01  -.1407887E-02  -.1521510E-01
  -.1809963E-01  -.6250648E-02   .1362522E-01   .3202258E-01   .4140216E-01
   .3732631E-01   .2218209E-01   .4047437E-02  -.1046135E-01  -.1840096E-01
  -.1858090E-01  -.1300586E-01  -.6874537E-02  -.4315888E-02  -.5872826E-02
  -.9283421E-02  -.1161306E-01  -.1143706E-01  -.9542328E-02  -.7983438E-02
  -.8498324E-02  -.1121976E-01  -.1398031E-01  -.1284099E-01  -.5319618E-02
   .6341042E-02   .1522663E-01   .1434686E-01   .3784499E-02  -.7750428E-02
  -.1087211E-01  -.4089055E-02   .6087581E-02   .1082152E-01   .6534612E-02
  -.2328686E-02  -.9965849E-02  -.1430699E-01  -.1501417E-01  -.1169004E-01
  -.5204605E-02   .2086598E-02   .7173097E-02   .6731510E-02  -.2235299E-03
  -.9682873E-02  -.1513104E-01  -.1326864E-01  -.6172217E-02   .7794465E-03
   .2130253E-02  -.3623939E-02  -.1309943E-01  -.2152138E-01  -.2493884E-01
  -.2159751E-01  -.1373099E-01  -.5540212E-02  -.4109878E-04   .1383320E-02
  -.8123144E-03  -.4400015E-02  -.7149686E-02  -.8452695E-02  -.8587253E-02
  -.7551970E-02  -.6351697E-02  -.7054584E-02  -.9815823E-02  -.1169576E-01
  -.9547202E-02  -.3390544E-02   .3776299E-02   .8355723E-02   .8687867E-02
   .6345501E-02   .4511360E-02   .5178095E-02   .7901546E-02   .1069353E-01
   .1193184E-01   .1150479E-01   .1012110E-01   .8098268E-02   .5351791E-02
   .1839300E-02  -.1946380E-02  -.5034913E-02  -.7076364E-02  -.8248876E-02
  -.8555929E-02  -.8084942E-02  -.7144136E-02  -.5948822E-02  -.4509787E-02
  -.2769261E-02  -.8626782E-03   .8823550E-04  -.1881126E-02  -.7234123E-02
  -.1293766E-01  -.1461329E-01  -.1127871E-01  -.5485040E-02   .8183265E-03
   .7486999E-02   .1408087E-01   .1900113E-01   .2131353E-01   .2203241E-01
   .2271573E-01   .2345365E-01   .2320391E-01   .2230333E-01   .2251739E-01
   .2462636E-01   .2746617E-01   .2840118E-01   .2543505E-01   .1908132E-01
   .9791549E-02  -.2333075E-02  -.1230709E-01  -.1316898E-01  -.4826510E-02
   .5809460E-02   .1102076E-01   .8133919E-02   .1127269E-02  -.5062980E-02
  -.9077307E-02  -.1011617E-01  -.6751505E-02   .1793961E-03   .7476785E-02
   .1095286E-01   .7656332E-02  -.1264171E-02  -.1013203E-01  -.1164774E-01
  -.4510170E-02   .4209559E-02   .1001185E-01   .1599256E-01   .2260320E-01
   .2448827E-01   .1938139E-01   .1079220E-01   .3980808E-02   .2954919E-02
   .7900561E-02   .1480020E-01   .1850481E-01   .1677716E-01   .1248449E-01
   .9658890E-02   .7839885E-02   .4758669E-02   .1044036E-02  -.1337390E-02
  -.1624797E-02  -.5116473E-03  -.2685390E-03  -.3493606E-02  -.8429487E-02
  -.9264542E-02  -.3508835E-02   .5837884E-02   .1491047E-01   .2058598E-01
   .1807182E-01   .6500848E-02  -.5708910E-02  -.1067224E-01  -.1040232E-01
  -.1180224E-01  -.1557214E-01  -.1624068E-01  -.1122194E-01  -.2842771E-02
   .5506300E-02   .1117549E-01   .1234952E-01   .9372267E-02   .4881729E-02
   .1605672E-02   .8397363E-03   .2218734E-02   .4251726E-02   .5554704E-02
   .5805188E-02   .5580973E-02   .5759645E-02   .6875347E-02   .7743797E-02
   .5569077E-02  -.8904724E-03  -.9924105E-02  -.1851916E-01  -.2297291E-01
  -.2068686E-01  -.1319325E-01  -.5269467E-02  -.1875506E-02  -.5147299E-02
  -.1274108E-01  -.2033310E-01  -.2421544E-01  -.2190010E-01  -.1405001E-01
  -.4390864E-02   .3856968E-02   .9143773E-02   .1025095E-01   .7255719E-02
   .3240003E-02   .2221465E-02   .5297731E-02   .9976819E-02   .1288937E-01
   .1272250E-01   .1075697E-01   .8674818E-02   .6688699E-02   .4171559E-02
   .8321414E-03  -.2674255E-02  -.4526787E-02  -.3697505E-02  -.2572477E-02
  -.4877383E-02  -.1131682E-01  -.1818953E-01  -.1986054E-01  -.1497023E-01
  -.8290669E-02  -.4468099E-02  -.3672970E-02  -.3483455E-02  -.2427348E-02
  -.1427950E-02  -.1542030E-02  -.1618017E-02  -.9160048E-04   .2911733E-02
   .6313428E-02   .9209506E-02   .1070940E-01   .9906134E-02   .6917056E-02
   .3011574E-02  -.5260727E-03  -.2579058E-02  -.1947553E-02   .1400420E-02
   .5909430E-02   .9972473E-02   .1307596E-01   .1517730E-01   .1562918E-01
   .1406284E-01   .1150344E-01   .1004260E-01   .1113072E-01   .1276070E-01
   .1056336E-01   .2915244E-02  -.7755045E-02  -.1808397E-01  -.2493939E-01
  -.2535850E-01  -.1939988E-01  -.1080834E-01  -.3249895E-02   .1237623E-02
   .1295555E-02  -.2714246E-02  -.8213816E-02  -.1251434E-01  -.1372147E-01
  -.1094503E-01  -.5415572E-02   .3768760E-03   .4973701E-02   .7781092E-02
   .7479897E-02   .4310567E-02   .2297756E-02   .4883515E-02   .1125848E-01
   .1774827E-01   .1964049E-01   .1414347E-01   .3271694E-02  -.8367667E-02
  -.1731974E-01  -.2244330E-01  -.2486285E-01  -.2638006E-01  -.2655542E-01
  -.2300572E-01  -.1561024E-01  -.8712851E-02  -.7403153E-02  -.1115542E-01
  -.1428440E-01  -.1319502E-01  -.9722760E-02  -.7563763E-02  -.8139355E-02
  -.9846414E-02  -.9905023E-02  -.7093291E-02  -.2567160E-02   .1443178E-02
   .3236079E-02   .2847457E-02   .2282788E-02   .4268774E-02   .9933769E-02
   .1694008E-01   .2050857E-01   .1806322E-01   .1166645E-01   .4948168E-02
  -.7129208E-03  -.6607103E-02  -.1415792E-01  -.2141891E-01  -.2298031E-01
  -.1692766E-01  -.8293226E-02  -.2980600E-02  -.2745190E-02  -.5393198E-02
  -.7243229E-02  -.5990536E-02  -.2202846E-02   .1673948E-02   .3826712E-02
   .4328753E-02   .4453625E-02   .5038926E-02   .5590153E-02   .5580755E-02
   .5532981E-02   .6050906E-02   .6956699E-02   .7340940E-02   .6436731E-02
   .4525410E-02   .1982731E-02  -.1397946E-02  -.4546131E-02  -.4808197E-02
  -.1113503E-02   .4690684E-02   .9402540E-02   .1045609E-01   .7867278E-02
   .3935446E-02   .1155794E-02   .9548577E-03   .3112318E-02   .6130975E-02
   .8544351E-02   .8371465E-02   .3519051E-02  -.3400284E-02  -.5821186E-02
  -.2005103E-02   .2296075E-02   .1402150E-02  -.4997830E-02  -.1361800E-01
  -.1995393E-01  -.2204040E-01  -.2220773E-01  -.2198936E-01  -.1961511E-01
  -.1392672E-01  -.6268647E-02   .1330653E-02   .7309048E-02   .1108948E-01
   .1384214E-01   .1682508E-01   .1837239E-01   .1558901E-01   .8875893E-02
   .2573262E-02   .8167963E-03   .3710781E-02   .8573558E-02   .1219110E-01
   .1130911E-01   .5214849E-02  -.2956220E-02  -.9741513E-02  -.1294082E-01
  -.1128912E-01  -.6941091E-02  -.4769038E-02  -.7509582E-02  -.1439641E-01
  -.2256399E-01  -.2667615E-01  -.2168628E-01  -.8604991E-02   .6759462E-02
   .1915919E-01   .2527651E-01   .2335085E-01   .1428991E-01   .1739746E-02
  -.8772234E-02  -.1156133E-01  -.5599218E-02   .4324862E-02   .1283878E-01
   .1705316E-01   .1533231E-01   .7826305E-02  -.2398103E-02  -.1186311E-01
  -.1909676E-01  -.2304654E-01  -.2165307E-01  -.1513963E-01  -.8194883E-02
  -.6003817E-02  -.8864334E-02  -.1224098E-01  -.1218763E-01  -.8760018E-02
  -.4402940E-02  -.7671465E-04   .5324082E-02   .9663683E-02   .8138628E-02
   .2344358E-02   .1405336E-05   .5184761E-02   .1519476E-01   .2533088E-01
   .3172728E-01   .3068362E-01   .2102938E-01   .6412638E-02  -.7740219E-02
  -.1657631E-01  -.1670408E-01  -.9451925E-02  -.1033914E-02   .2866248E-02
   .1579167E-02  -.1594274E-02  -.3429021E-02  -.2944900E-02  -.7632771E-03
   .2301362E-02   .5472724E-02   .7817369E-02   .8879727E-02   .9118282E-02
   .9238875E-02   .9338950E-02   .9391728E-02   .9613534E-02   .9552103E-02
   .8123584E-02   .5379093E-02   .3112977E-02   .2623288E-02   .2660372E-02
   .7984982E-03  -.3664876E-02  -.9385955E-02  -.1464763E-01  -.1854261E-01
  -.2133819E-01  -.2386037E-01  -.2595998E-01  -.2630867E-01  -.2419874E-01
  -.2009925E-01  -.1469366E-01  -.8639309E-02  -.2547620E-02   .3404670E-02
   .8901877E-02   .1213393E-01   .1119068E-01   .7632639E-02   .5760669E-02
   .7892597E-02   .1267736E-01   .1753456E-01   .2073820E-01   .2136305E-01
   .1928493E-01   .1567486E-01   .1222035E-01   .9111437E-02   .4531281E-02
  -.2610281E-02  -.1051089E-01  -.1640387E-01  -.1969118E-01  -.2125473E-01
  -.2024380E-01  -.1472386E-01  -.5192525E-02   .5407006E-02   .1397430E-01
   .1823466E-01   .1667149E-01   .9767179E-02   .2255004E-02  -.4417885E-03
   .1526986E-02   .3795294E-02   .3566673E-02   .1626402E-02   .1127771E-03
  -.4332135E-03  -.1824020E-02  -.5444892E-02  -.9884731E-02  -.1348202E-01
  -.1714843E-01  -.2168818E-01  -.2427298E-01  -.2129269E-01  -.1321883E-01
  -.3421294E-02   .5288006E-02   .1124973E-01   .1407384E-01   .1492615E-01
   .1549900E-01   .1665784E-01   .1835957E-01   .1986405E-01   .1952625E-01
   .1598308E-01   .9862678E-02   .3086660E-02  -.3021863E-02  -.6969908E-02
  -.5971302E-02   .9223132E-03   .1094880E-01   .1838953E-01   .1689791E-01
   .7165330E-02  -.2249207E-02  -.5223809E-02  -.2914963E-02   .7351478E-03
   .3448214E-02   .4526044E-02   .4391005E-02   .5003510E-02   .7965595E-02
   .1233167E-01   .1590748E-01   .1792450E-01   .1818347E-01   .1614034E-01
   .1236687E-01   .8404188E-02   .4318625E-02  -.7145683E-03  -.5203691E-02
  -.7178300E-02  -.7440455E-02  -.8855851E-02  -.1365291E-01  -.2158967E-01
  -.3040842E-01  -.3653242E-01  -.3613066E-01  -.2782234E-01  -.1509722E-01
  -.4927466E-02  -.1688978E-02  -.3324535E-02  -.4598012E-02  -.2625829E-02
   .1480156E-02   .6097549E-02   .1075983E-01   .1306160E-01   .9982215E-02
   .3525952E-02  -.3331250E-03   .1643390E-02   .7535915E-02   .1354565E-01
   .1681669E-01   .1622406E-01   .1277045E-01   .8386254E-02   .4249141E-02
   .1287392E-02   .1151518E-02   .4378836E-02   .9245887E-02   .1381260E-01
   .1664422E-01   .1662205E-01   .1405892E-01   .1092010E-01   .9461066E-02
   .1059622E-01   .1338010E-01   .1515852E-01   .1256901E-01   .4586790E-02
  -.6076196E-02  -.1468441E-01  -.1740544E-01  -.1387828E-01  -.8197519E-02
  -.6542769E-02  -.1143471E-01  -.1956484E-01  -.2331513E-01  -.1762317E-01
  -.7239019E-02   .5988818E-03   .4872460E-02   .8304889E-02   .1198891E-01
   .1338250E-01   .1010725E-01   .3706996E-02  -.2610380E-02  -.6318332E-02
  -.1527895E-02   .1535510E-01   .3361968E-01   .3932345E-01   .3048264E-01
   .1390349E-01  -.2606266E-02  -.1510784E-01  -.2448150E-01  -.3372918E-01
  -.4213035E-01  -.4283755E-01  -.3125734E-01  -.1269257E-01   .6745476E-03
   .1597992E-02  -.4580748E-02  -.8238091E-02  -.6108291E-02  -.1757334E-02
   .5466506E-03   .3082307E-03  -.6336609E-03  -.6674070E-03   .1132809E-02
   .4725114E-02   .8847443E-02   .1219491E-01   .1411515E-01   .1350752E-01
   .9597137E-02   .4624178E-02   .1919126E-02   .9905608E-03  -.1575367E-02
  -.6191261E-02  -.9436425E-02  -.9467822E-02  -.7268021E-02  -.3949957E-02
  -.3073060E-03   .3106650E-02   .5604179E-02   .5740720E-02   .2777520E-02
  -.1447029E-02  -.3497339E-02  -.1612717E-02   .2876883E-02   .7440561E-02
   .8767037E-02   .4278579E-02  -.3015026E-02  -.7151146E-02  -.6872299E-02
  -.6125929E-02  -.8690448E-02  -.1479310E-01  -.2193069E-01  -.2644909E-01
  -.2576842E-01  -.2084324E-01  -.1494539E-01  -.1044496E-01  -.7581183E-02
  -.5226567E-02  -.2583953E-02  -.2456512E-03   .1968497E-02   .7408919E-02
   .1694662E-01   .2415704E-01   .2321241E-01   .1582742E-01   .8475769E-02
   .6765886E-02   .1131887E-01   .1843290E-01   .2434995E-01   .2718601E-01
   .2564666E-01   .1935762E-01   .1105355E-01   .4578903E-02   .1343338E-02
   .9638543E-03   .1062036E-02  -.2461530E-02  -.1023087E-01  -.1769711E-01
  -.2118237E-01  -.2279848E-01  -.2590373E-01  -.2811901E-01  -.2463077E-01
  -.1515430E-01  -.4487595E-02   .6350967E-03  -.3040271E-02  -.1200611E-01
  -.1999324E-01  -.2201963E-01  -.1607998E-01  -.5148642E-02   .5276793E-02
   .1101663E-01   .1067575E-01   .6611284E-02   .2139199E-02  -.1772258E-02
  -.4505327E-02  -.4497454E-02  -.1580787E-02   .2248524E-02   .3659253E-02
  -.1093032E-03  -.8255882E-02  -.1699245E-01  -.2223040E-01  -.2126536E-01
  -.1502973E-01  -.7467123E-02  -.1394750E-02   .3237571E-02   .7725068E-02
   .1273307E-01   .1724199E-01   .1980191E-01   .2102418E-01   .2214456E-01
   .2267391E-01   .2185197E-01   .1977789E-01   .1659868E-01   .1240212E-01
   .7114620E-02   .2759716E-03  -.7278537E-02  -.1236792E-01  -.1279327E-01
  -.1057098E-01  -.9559110E-02  -.1141052E-01  -.1485668E-01  -.1702696E-01
  -.1553150E-01  -.1067155E-01  -.5093155E-02  -.1217498E-02   .5365061E-03
   .8264104E-03  -.4007552E-03  -.2678659E-02  -.3536199E-02  -.9502438E-03
   .4273738E-02   .9845353E-02   .1426869E-01   .1675256E-01   .1621957E-01
   .1254062E-01   .7419913E-02   .2859944E-02  -.2472124E-03  -.2207036E-02
  -.3406741E-02  -.3618571E-02  -.2827839E-02  -.1569880E-02  -.3624416E-03
   .6500112E-03   .1655620E-02   .2745337E-02   .3459740E-02   .3032693E-02
   .1368413E-02  -.7954981E-03  -.2768046E-02  -.4382028E-02  -.5412880E-02
  -.5015970E-02  -.2658590E-02   .9655529E-03   .4697133E-02   .7609302E-02
   .8647412E-02   .7129852E-02   .4086923E-02   .2032167E-02   .2823125E-02
   .6026626E-02   .9764260E-02   .1264731E-01   .1436088E-01   .1461233E-01
   .1290746E-01   .9683466E-02   .6164509E-02   .3398634E-02   .1824023E-02
   .1099355E-02   .4644606E-03  -.5900536E-03  -.2086436E-02  -.3749950E-02
  -.5282771E-02  -.6583289E-02  -.7707138E-02  -.8399748E-02  -.7910399E-02
  -.6208807E-02  -.4995708E-02  -.6150414E-02  -.9646194E-02  -.1393362E-01
  -.1729718E-01  -.1824217E-01  -.1620729E-01  -.1239870E-01  -.9016852E-02
  -.7545506E-02  -.7672566E-02  -.7801483E-02  -.6634046E-02  -.4208355E-02
  -.1763774E-02  -.7277666E-03  -.1477853E-02  -.3150763E-02  -.4637644E-02
  -.5186234E-02  -.4474823E-02  -.2678375E-02  -.1321205E-03   .2977186E-02
   .6320922E-02   .8894519E-02   .9472482E-02   .7997399E-02   .5383682E-02
   .2438713E-02   .1694023E-03  -.4530376E-03   .3603486E-03   .1491822E-02
   .2007190E-02   .1517076E-02   .1988999E-03  -.1572034E-02  -.3816682E-02
  -.6737274E-02  -.9953013E-02  -.1186486E-01  -.1076532E-01  -.6949243E-02
  -.2336257E-02   .1570258E-02   .4203435E-02   .5280260E-02   .4953689E-02
   .4063893E-02   .3458495E-02   .3365088E-02   .3478653E-02   .3350839E-02
   .2704217E-02   .1605262E-02   .3878044E-03  -.8821292E-03  -.2852421E-02
  -.6229176E-02  -.1081720E-01  -.1480629E-01  -.1520620E-01  -.1082849E-01
  -.3764063E-02   .3097913E-02   .8424951E-02   .1183003E-01   .1262632E-01
   .1084213E-01   .7965389E-02   .5569334E-02   .4205035E-02   .3555538E-02
   .2942802E-02   .1880910E-02   .6344684E-03   .3201575E-04   .5293661E-03
   .1565024E-02   .1990388E-02   .1218186E-02  -.3108741E-03  -.1821691E-02
  -.2918739E-02  -.3425170E-02  -.3055776E-02  -.1770297E-02  -.5067247E-04
   .1423517E-02   .1842107E-02   .5299927E-03  -.2226581E-02  -.5371286E-02
  -.8081992E-02  -.9800586E-02  -.9932703E-02  -.8273490E-02  -.5135322E-02
  -.1147012E-02   .2519380E-02   .4455526E-02   .4379978E-02   .3612744E-02
   .3733458E-02   .5163017E-02   .6970642E-02   .7875401E-02   .7644526E-02
   .7222097E-02   .7449512E-02   .7930406E-02   .7250972E-02   .4585410E-02
   .9461469E-03  -.1472036E-02  -.1392552E-02   .4487078E-03   .2171731E-02
   .2119244E-02  -.3486742E-04  -.3170529E-02  -.5682950E-02  -.6521838E-02
  -.5821110E-02  -.4704415E-02  -.4551070E-02  -.6108814E-02  -.8461791E-02
  -.9399270E-02  -.7693216E-02  -.4229534E-02  -.6517147E-03   .2011746E-02
   .3284091E-02   .3069024E-02   .1960460E-02   .1058254E-02   .1380399E-02
   .3220180E-02   .5496552E-02   .5919367E-02   .2884504E-02  -.2794788E-02
  -.8205892E-02  -.1012322E-01  -.7684597E-02  -.3026675E-02   .1146777E-02
   .3192678E-02   .2527756E-02   .1626908E-03  -.1526970E-02  -.9964519E-03
   .1225406E-02   .3641726E-02   .5195520E-02   .5613095E-02   .5243650E-02
   .4741900E-02   .4615350E-02   .5067455E-02   .6041318E-02   .7248103E-02
   .8353810E-02   .8960012E-02   .8625892E-02   .7403892E-02   .5979098E-02
   .5150239E-02   .5150280E-02   .5566267E-02   .5829921E-02   .5431691E-02
   .4142387E-02   .2251036E-02   .3205364E-03  -.1076527E-02  -.1398163E-02
  -.5247105E-03   .9587381E-03   .2338352E-02   .3216738E-02   .3296651E-02
   .2481825E-02   .1162086E-02  -.1055176E-03  -.1051427E-02  -.1545931E-02
  -.1389625E-02  -.6326139E-03   .3418512E-03   .1198718E-02   .1810114E-02
   .1986129E-02   .1432597E-02   .2030816E-03  -.1251495E-02  -.2523465E-02
  -.3230697E-02  -.2918265E-02  -.1605722E-02   .9870515E-04   .1631720E-02
   .2639384E-02   .2592042E-02   .1102609E-02  -.1322281E-02  -.3267162E-02
  -.3387937E-02  -.1647119E-02   .7521563E-03   .2434997E-02   .2749544E-02
   .2064304E-02   .1251509E-02   .9419752E-03   .1312450E-02   .2191811E-02
   .3223771E-02   .4021061E-02   .4003521E-02   .2616890E-02   .3568459E-04
  -.2805573E-02  -.4844734E-02  -.5659131E-02  -.5720196E-02  -.5834461E-02
  -.6600142E-02  -.8178135E-02  -.1008908E-01  -.1121744E-01  -.1069526E-01
  -.8815718E-02  -.6389035E-02  -.3739027E-02  -.9819486E-03   .1348749E-02
   .2655267E-02   .2979973E-02   .2911170E-02   .2985613E-02   .3368320E-02
   .3898359E-02   .4324167E-02   .4528002E-02   .4553812E-02   .4617754E-02
   .5162925E-02   .6549271E-02   .8320864E-02   .9127519E-02   .8038380E-02
   .5543941E-02   .2842646E-02   .9037919E-03   .3177549E-03   .1042975E-02
   .2303095E-02   .3311436E-02   .3608456E-02   .2827129E-02   .9304366E-03
  -.1404684E-02  -.2806353E-02  -.2198837E-02   .1039254E-03   .2755706E-02
   .4371351E-02   .4525478E-02   .4110377E-02   .4268812E-02   .5179656E-02
   .5713247E-02   .4441733E-02   .1278528E-02  -.2252550E-02  -.4308012E-02
  -.4356615E-02  -.3391809E-02  -.2792243E-02  -.3328149E-02  -.4746884E-02
  -.6291760E-02  -.7448629E-02  -.7799510E-02  -.6816815E-02  -.4493626E-02
  -.1586825E-02   .1105660E-02   .3063534E-02   .3915198E-02   .3797432E-02
   .3372931E-02   .3227799E-02   .3628127E-02   .4521888E-02   .5712275E-02
   .7223374E-02   .9247562E-02   .1174287E-01   .1436750E-01   .1636929E-01
   .1674907E-01   .1538435E-01   .1333425E-01   .1174824E-01   .1101588E-01
   .1059367E-01   .9369631E-02   .6662683E-02   .2820591E-02  -.8487045E-03
  -.2763002E-02  -.2496608E-02  -.1159494E-02  -.3656255E-03  -.1047845E-02
  -.2895705E-02  -.4919323E-02  -.6438402E-02  -.7435089E-02  -.8139322E-02
  -.8490716E-02  -.8280937E-02  -.7616147E-02  -.6841397E-02  -.6218596E-02
  -.5843532E-02  -.5667689E-02  -.5551360E-02  -.5363664E-02  -.5059253E-02
  -.4677516E-02  -.4308808E-02  -.3976381E-02  -.3286503E-02  -.1594451E-02
   .1173618E-02   .4170773E-02   .6300396E-02   .7267939E-02   .7671170E-02
   .8234370E-02   .9242257E-02   .1016311E-01   .9822190E-02   .7650138E-02
   .4359691E-02   .1042418E-02  -.1674636E-02  -.3378348E-02  -.3741678E-02
  -.3067367E-02  -.2181414E-02  -.1645282E-02  -.1375818E-02  -.9623319E-03
  -.1460170E-03   .1017210E-02   .2258155E-02   .3136683E-02   .3205072E-02
   .2453098E-02   .1355196E-02   .3990731E-03   .1460649E-04   .8279027E-03
   .3110212E-02   .6006711E-02   .7713255E-02   .6887300E-02   .4001180E-02
   .6732269E-03  -.1815191E-02  -.2927636E-02  -.2863939E-02  -.2409900E-02
  -.2276328E-02  -.2666036E-02  -.3465283E-02  -.4585582E-02  -.5931829E-02
  -.7243046E-02  -.8253796E-02  -.8962762E-02  -.9615456E-02  -.1042379E-01
  -.1128901E-01  -.1168948E-01  -.1115502E-01  -.9830147E-02  -.8335036E-02
  -.7345097E-02  -.7175153E-02  -.7547797E-02  -.7982662E-02  -.8098073E-02
  -.7263036E-02  -.4887113E-02  -.1240190E-02   .2586478E-02   .5085050E-02
   .5232326E-02   .3547829E-02   .1552177E-02   .5076885E-03   .8787406E-03
   .2247907E-02   .3715200E-02   .4450181E-02   .3874719E-02   .2049643E-02
  -.2430116E-03  -.2267544E-02  -.3736468E-02  -.4340984E-02  -.3752060E-02
  -.2263860E-02  -.6196976E-03   .7101057E-03   .1749582E-02   .2622012E-02
   .3138784E-02   .3043869E-02   .2463595E-02   .1788468E-02   .1252602E-02
   .5899651E-03  -.8579011E-03  -.3368304E-02  -.6532936E-02  -.9581835E-02
  -.1139759E-01  -.1109845E-01  -.9092806E-02  -.6693804E-02  -.4839056E-02
  -.3594118E-02  -.2614364E-02  -.1851389E-02  -.1561022E-02  -.1762492E-02
  -.2030709E-02  -.1725483E-02  -.4806798E-03   .1417634E-02   .3355933E-02
   .4993579E-02   .6383025E-02   .7591164E-02   .8390037E-02   .8605717E-02
   .8458344E-02   .8315032E-02   .8245210E-02   .7778114E-02   .6387205E-02
   .4170705E-02   .1693718E-02  -.5795831E-03  -.2542883E-02  -.4375183E-02
  -.6283713E-02  -.8063316E-02  -.9040508E-02  -.8869926E-02  -.8008980E-02
  -.7165377E-02  -.6665746E-02  -.6402251E-02  -.6108816E-02  -.5626120E-02
  -.4968155E-02  -.4253573E-02  -.3755109E-02  -.3866871E-02  -.4715231E-02
  -.5978695E-02  -.7168144E-02  -.7858793E-02  -.7886498E-02  -.7492584E-02
  -.7085018E-02  -.6889975E-02  -.6875464E-02  -.6869818E-02  -.6923431E-02
  -.7493243E-02  -.8694691E-02  -.9663762E-02  -.9454561E-02  -.8158806E-02
  -.6717693E-02  -.6042919E-02  -.6286430E-02  -.6720351E-02  -.6442249E-02
  -.5223195E-02  -.3511186E-02  -.1858459E-02  -.5400909E-03   .5288143E-03
   .1348636E-02   .1357005E-02   .3010517E-04  -.2213856E-02  -.4144879E-02
  -.4763949E-02  -.4186162E-02  -.3297635E-02  -.2828365E-02  -.2995975E-02
  -.3606735E-02  -.4290124E-02  -.4665388E-02  -.4427506E-02  -.3546180E-02
  -.2350257E-02  -.1249691E-02  -.3924865E-03   .2971388E-03   .7444588E-03
   .6667396E-03   .1038498E-04  -.9148386E-03  -.1783582E-02  -.2524656E-02
  -.3173561E-02  -.3505872E-02  -.3193970E-02  -.2301824E-02  -.1236812E-02
  -.3270394E-03   .3923688E-03   .9573882E-03   .1180540E-02   .9128324E-03
   .3439351E-03  -.2191677E-03  -.6132511E-03  -.6675211E-03  -.8649449E-04
   .1166458E-02   .2723675E-02   .4196286E-02   .5300815E-02   .5737157E-02
   .5454458E-02   .4841838E-02   .4336436E-02   .4070556E-02   .3910598E-02
   .3672049E-02   .3331541E-02   .3101460E-02   .3235551E-02   .3735159E-02
   .4371914E-02   .4937245E-02   .5276133E-02   .5136047E-02   .4379148E-02
   .3248465E-02   .2127541E-02   .1205764E-02   .4097283E-03  -.4360852E-03
  -.1392823E-02  -.2171007E-02  -.2254874E-02  -.1523462E-02  -.4099298E-03
   .5797428E-03   .1264405E-02   .1798751E-02   .2385540E-02   .3124073E-02
   .3991724E-02   .4876672E-02   .5701357E-02   .6192912E-02   .5975188E-02
   .5143559E-02   .4113770E-02   .3181643E-02   .2392615E-02   .1671665E-02
   .1127680E-02   .9769510E-03   .1255962E-02   .1766818E-02   .2242135E-02
   .2570723E-02   .2852230E-02   .3134531E-02   .3198146E-02   .2737060E-02
   .1717334E-02   .5025722E-03  -.3447814E-03  -.3349584E-03   .5304492E-03
   .1749706E-02   .2848983E-02   .3649764E-02   .4168927E-02   .4223401E-02
   .3519428E-02   .2222860E-02   .8254108E-03  -.3925130E-03  -.1284490E-02
  -.1375024E-02  -.2272087E-03   .1829151E-02   .4006562E-02   .5567530E-02
   .5961460E-02   .5259657E-02   .4165513E-02   .3335663E-02   .2919627E-02
   .2707572E-02   .2776688E-02   .3527778E-02   .4990057E-02   .6646660E-02
   .7702103E-02   .7704016E-02   .6980735E-02   .6184833E-02   .5714395E-02
   .5537205E-02   .5419914E-02   .5139245E-02   .4580184E-02   .3815621E-02
   .3004526E-02   .2247998E-02   .1573746E-02   .9680169E-03   .3641610E-03
  -.9723175E-04  -.5925269E-04   .5329166E-03   .1391531E-02   .2208272E-02
   .2860593E-02   .3417285E-02   .3990212E-02   .4658870E-02   .5415290E-02
   .6208976E-02   .6852619E-02   .6992215E-02   .6521759E-02   .5735895E-02
   .4976172E-02   .4385392E-02   .3987810E-02   .3813737E-02   .3855971E-02
   .3985860E-02   .4071783E-02   .4111078E-02   .4105339E-02   .3919823E-02
   .3372840E-02   .2478162E-02   .1542932E-02   .9571825E-03   .9511491E-03
   .1415065E-02   .1960618E-02   .2313389E-02   .2469284E-02   .2604547E-02
   .2780987E-02   .2841057E-02   .2614324E-02   .2105675E-02   .1544955E-02
   .1097338E-02   .7485466E-03   .4140970E-03   .5590257E-04  -.1425879E-03
   .1692360E-03   .1018181E-02   .2064000E-02   .3040281E-02   .3870832E-02
   .4629622E-02   .5221549E-02   .5399923E-02   .5208496E-02   .4885361E-02
   .4620069E-02   .4494595E-02   .4447505E-02   .4379977E-02   .4220894E-02
   .3688761E-02   .2435637E-02   .5361415E-03  -.1572499E-02  -.3262685E-02
  -.4009595E-02  -.3843677E-02  -.3322590E-02  -.3022146E-02  -.3059894E-02
  -.3233011E-02  -.3320340E-02  -.3227705E-02  -.3005436E-02  -.2732872E-02
  -.2502653E-02  -.2323546E-02  -.2165358E-02  -.2029618E-02  -.2000035E-02
  -.2316039E-02  -.3037017E-02  -.3823918E-02  -.4194311E-02  -.3934412E-02
  -.3247647E-02  -.2556023E-02  -.2097156E-02  -.1825529E-02  -.1584675E-02
  -.1228530E-02  -.7619219E-03  -.2422209E-03   .2765624E-03   .7406239E-03
   .1021029E-02   .9740230E-03   .6945943E-03   .3893742E-03   .1698779E-03
   .4206374E-04  -.6434823E-04  -.1828201E-03  -.3267988E-03  -.4398533E-03
  -.3621489E-03  -.9413116E-04   .2286526E-03   .5222050E-03   .7528794E-03
   .9401943E-03   .1145101E-02   .1387674E-02   .1665059E-02   .1861678E-02
   .1828156E-02   .1537669E-02   .1079191E-02   .6586120E-03   .3349521E-03
   .4346993E-04  -.2624326E-03  -.6216747E-03  -.1029808E-02  -.1441609E-02
  -.1688248E-02  -.1592791E-02  -.1179689E-02  -.6439197E-03  -.2523443E-03
  -.2581528E-03  -.7177527E-03  -.1416474E-02  -.2071570E-02  -.2474200E-02
  -.2302387E-02  -.1281596E-02   .3143127E-03   .1954633E-02   .3391186E-02
   .4483010E-02   .4936618E-02   .4579789E-02   .3712391E-02   .2825735E-02
   .2157790E-02   .1687139E-02   .1195832E-02   .6668120E-03   .4775158E-03
   .7879142E-03   .1095153E-02   .6113000E-03  -.6912937E-03  -.1978204E-02
  -.2676568E-02  -.2984108E-02  -.3422208E-02  -.4265798E-02  -.5394264E-02
  -.6566040E-02  -.7630027E-02  -.8578921E-02  -.9440287E-02  -.9971908E-02
  -.9829903E-02  -.9059775E-02  -.8083622E-02  -.7258897E-02  -.6629393E-02
  -.5943559E-02  -.5301243E-02  -.4547656E-02  -.3725427E-02  -.2898682E-02
  -.2180533E-02  -.1689578E-02  -.1410122E-02  -.1205506E-02  -.9590360E-03
  -.6263199E-03  -.2433493E-03   .1292385E-03   .4446316E-03   .5855313E-03
   .4316937E-03  -.2438122E-05  -.5736168E-03  -.1086082E-02  -.1477374E-02
  -.1769714E-02  -.1867359E-02  -.1644893E-02  -.1174094E-02  -.6885205E-03
  -.3226349E-03  -.4237833E-04   .2396077E-03   .4807236E-03   .3736016E-03
  -.3354005E-03  -.1490321E-02  -.2718930E-02  -.3689382E-02  -.4150552E-02
  -.4061839E-02  -.3703804E-02  -.3417953E-02  -.3326766E-02  -.3359833E-02
  -.3359560E-02  -.3237409E-02  -.3045196E-02  -.2936131E-02  -.3050937E-02
  -.3361037E-02  -.3744341E-02  -.4097606E-02  -.4364584E-02  -.4475090E-02
  -.4271238E-02  -.3719109E-02  -.3003334E-02  -.2329299E-02  -.1769758E-02
  -.1268512E-02  -.7477088E-03  -.1644761E-03   .4646755E-03   .1110342E-02
   .1736716E-02   .2212512E-02   .2387184E-02   .2273393E-02   .2047638E-02
   .1886865E-02   .1828381E-02   .1804394E-02   .1762224E-02   .1655513E-02
   .1487257E-02   .1338940E-02   .1332491E-02   .1615852E-02   .2170443E-02
   .2790204E-02   .3341342E-02   .3797849E-02   .4214293E-02   .4650222E-02
   .5108725E-02   .5592294E-02   .6065530E-02   .6517945E-02   .6968832E-02
   .7342242E-02   .7447907E-02   .7205632E-02   .6750234E-02   .6296649E-02
   .5969548E-02   .5718442E-02   .5459619E-02   .5153870E-02   .4798044E-02
   .4409059E-02   .3912200E-02   .3153959E-02   .2144843E-02   .1045356E-02
   .5803570E-04  -.4947927E-03  -.4079605E-03   .1558160E-03   .8207918E-03
   .1285928E-02   .1549094E-02   .1786693E-02   .2099556E-02   .2513357E-02
   .2959164E-02   .3149222E-02   .2809658E-02   .2085342E-02   .1429320E-02
   .1186722E-02   .1324331E-02   .1550557E-02   .1656288E-02   .1608071E-02
   .1420242E-02   .1074569E-02   .5694797E-03  -.1319081E-04  -.5532653E-03
  -.1016207E-02  -.1437374E-02  -.1867416E-02  -.2352497E-02  -.2873813E-02
  -.3395260E-02  -.3896877E-02  -.4313863E-02  -.4554411E-02  -.4598569E-02
  -.4552453E-02  -.4529636E-02  -.4570312E-02  -.4646979E-02  -.4700442E-02
  -.4719492E-02  -.4716314E-02  -.4694853E-02  -.4655150E-02  -.4523320E-02
  -.4222478E-02  -.3810997E-02  -.3389738E-02  -.3012910E-02  -.2673233E-02
  -.2347090E-02  -.2009991E-02  -.1648869E-02  -.1291825E-02  -.9424427E-03
  -.6024603E-03  -.2992401E-03  -.7806987E-04   .4101916E-04   .1001070E-03
   .1400011E-03   .2001634E-03   .2925413E-03   .3760045E-03   .4323967E-03
   .4746815E-03   .4915487E-03   .4686048E-03   .4241855E-03   .3855892E-03
   .3587471E-03   .3331837E-03   .3051118E-03   .2688065E-03   .2264033E-03
   .1845948E-03   .1467306E-03   .1371776E-03   .1796808E-03   .2630689E-03
   .3593258E-03   .4413242E-03   .5028482E-03   .5569335E-03   .5730915E-03
   .4590227E-03   .1567076E-03  -.2621790E-03  -.6744063E-03  -.1001311E-02
  -.1150778E-02  -.1064639E-02  -.8301857E-03  -.5888917E-03  -.4187833E-03
  -.3100096E-03  -.2059809E-03  -.7143848E-04   .9621128E-04   .2797337E-03
   .4361269E-03   .4942987E-03   .3990028E-03   .1887096E-03  -.3919507E-04
  -.2212180E-03  -.3514774E-03  -.4656117E-03  -.5971560E-03  -.7540016E-03
  -.9247729E-03  -.1076170E-02  -.1140636E-02  -.1078343E-02  -.9293939E-03
  -.7704181E-03  -.6555541E-03  -.5784762E-03  -.5094555E-03  -.4529995E-03
  -.4622095E-03  -.5852849E-03  -.7805624E-03  -.9754202E-03  -.1134559E-02
  -.1259474E-02  -.1381160E-02  -.1511725E-02  -.1648973E-02  -.1790542E-02
  -.1923763E-02  -.2040419E-02  -.2150630E-02  -.2258146E-02  -.2346645E-02
  -.2364377E-02  -.2251214E-02  -.2032454E-02  -.1785632E-02  -.1529289E-02
  -.1227798E-02  -.8747300E-03  -.5061378E-03  -.1530915E-03   .1773586E-03
   .4707116E-03   .6837206E-03   .7890520E-03   .8183680E-03   .8297673E-03
   .8591657E-03   .9141096E-03   .9446853E-03   .8497311E-03   .5927757E-03
   .2459366E-03  -.9251445E-04  -.3530379E-03  -.4981956E-03  -.5435191E-03
  -.5537828E-03  -.5866863E-03  -.6540247E-03  -.7313941E-03  -.7964188E-03
  -.8387586E-03  -.8625784E-03  -.8715703E-03  -.8465593E-03  -.7814583E-03
  -.6970017E-03  -.6166634E-03  -.5505248E-03  -.4919700E-03  -.4492861E-03
  -.4514427E-03  -.5042480E-03  -.5806005E-03  -.6338067E-03  -.6175719E-03
  -.5305246E-03  -.4176340E-03  -.3223121E-03  -.2560998E-03  -.2059978E-03
  -.1538031E-03  -.1004102E-03  -.6902131E-04  -.7094930E-04  -.9410456E-04
  -.1198925E-03  -.1268616E-03  -.8599682E-04   .1568790E-04   .1518513E-03
   .2817248E-03   .3848647E-03   .4568593E-03   .4798113E-03   .4351695E-03
   .3439634E-03   .2502633E-03   .1793479E-03   .1291266E-03   .8264522E-04
   .3132152E-04  -.9734620E-05  -.2166701E-04  -.7214022E-05   .1610355E-04
   .3311011E-04   .3392006E-04   .1454610E-04  -.1786693E-04  -.5020033E-04
  -.7394696E-04  -.8837969E-04  -.9035430E-04  -.7061081E-04  -.3032942E-04
   .1645435E-04   .5646352E-04   .8634182E-04   .1104606E-03   .1287558E-03
   .1332674E-03   .1208905E-03   .1007909E-03   .8309224E-04   .7185614E-04
   .6641950E-04   .6778371E-04   .8436182E-04   .1177042E-03   .1569372E-03
   .1906511E-03   .2145665E-03   .2319210E-03   .2473836E-03   .2630501E-03
   .2784294E-03   .2869173E-03   .2749421E-03   .2379638E-03   .1900067E-03
   .1551421E-03   .1519838E-03   .1771148E-03   .2099119E-03   .2308703E-03
   .2219625E-03   .1696497E-03   .8866788E-04   .2232458E-04   .3545600E-05
   .2560936E-04   .5825070E-04   .8007593E-04   .8873029E-04   .9302481E-04
   .1018195E-03   .1186451E-03   .1431870E-03   .1723998E-03   .2016871E-03
   .2279265E-03   .2508547E-03   .2719868E-03   .2927657E-03   .3135444E-03
   .3332222E-03   .3498361E-03   .3631121E-03   .3752966E-03   .3887432E-03
   .4042746E-03   .4214542E-03   .4395343E-03   .4580405E-03   .4769728E-03
   .4969048E-03   .5181658E-03   .5400781E-03   .5615729E-03   .5820934E-03
   .6017198E-03   .6207590E-03   .6393829E-03   .6575890E-03   .6753072E-03
   .6925166E-03   .7092612E-03   .7256150E-03   .7416335E-03   .7573482E-03
   .7728461E-03   .7882238E-03   .8034536E-03   .8183728E-03   .8328408E-03
